5,0,1
19,0,1
38,0,0
42,1,1
44,0,0
45,0,0
85,0,1
88,0,0
90,0,0
94,0,0
100,0,0
117,0,0
122,0,0
123,0,0
127,0,0
128,0,1
129,0,0
132,0,0
153,0,0
167,0,0
173,0,0
174,0,0
183,0,0
184,0,0
186,0,0
198,1,1
203,0,0
212,0,0
220,0,0
229,0,0
230,0,0
231,0,0
233,0,0
238,1,0
239,0,0
243,0,0
247,0,0
249,0,0
266,0,0
269,0,0
313,0,0
318,0,0
322,0,0
324,1,1
330,0,0
339,0,0
348,0,0
349,0,0
353,0,0
361,0,0
375,0,0
385,0,0
387,0,0
389,0,0
392,0,0
400,0,0
406,0,1
415,0,0
422,0,0
424,0,0
479,0,0
483,0,0
485,1,1
488,0,0
498,0,0
499,0,1
504,0,0
514,0,0
525,0,0
527,0,0
530,0,0
536,0,0
540,0,0
541,0,0
582,0,0
595,0,0
606,0,0
618,0,0
622,1,1
623,1,0
630,0,0
634,0,1
638,0,0
642,0,1
655,0,0
656,1,1
662,0,0
665,0,0
675,0,0
680,0,0
682,0,0
714,0,0
718,0,0
728,0,1
733,0,0
737,0,0
744,0,0
781,0,0
783,0,0
787,0,0
801,0,1
806,0,0
809,0,0
822,0,0
856,0,0
857,1,1
861,0,0
892,0,0
903,0,0
904,0,1
918,1,0
924,0,0
939,0,0
961,0,0
965,0,0
966,0,0
972,0,0
989,0,0
990,0,0
998,0,0
1007,0,0
1009,0,0
1037,0,1
1045,0,0
1046,0,0
1052,0,1
1055,1,1
1062,0,1
1064,0,0
1072,0,0
1089,0,0
1091,0,0
1101,0,1
1107,0,1
1113,0,0
1127,0,0
1128,0,0
1129,1,1
1132,0,0
1144,0,0
1152,0,0
1154,0,1
1155,0,0
1156,1,1
1157,0,0
1159,0,0
1174,1,1
1187,0,0
1190,0,0
1203,0,0
1216,0,0
1219,0,0
1230,0,0
1231,0,0
1235,0,0
1236,0,0
1248,0,0
1252,0,0
1254,0,0
1255,0,0
1266,0,0
1274,0,0
1276,0,0
1290,0,0
1308,0,0
1313,0,0
1314,0,0
1320,0,0
1322,0,0
1324,0,0
1325,0,0
1327,0,0
1339,0,0
1351,0,0
1355,0,0
1362,0,0
1367,0,1
1376,0,0
1380,0,0
1386,0,0
1416,0,0
1431,0,0
1436,0,0
1444,0,0
1458,0,0
1466,0,0
1470,0,0
1489,0,0
1493,0,0
1496,1,1
1499,0,0
1510,0,0
1521,1,0
1527,0,0
1529,0,0
1538,1,0
1539,1,0
1541,1,1
1545,1,1
1546,0,1
1558,0,0
1574,0,0
1588,0,0
1595,0,0
1597,0,0
1605,0,0
1606,0,0
1607,0,0
1614,0,0
1616,0,0
1619,0,0
1621,0,0
1630,0,0
1643,1,0
1644,0,0
1661,0,0
1675,0,1
1681,0,0
1688,0,0
1691,0,0
1692,0,0
1694,0,0
1695,0,0
1698,0,0
1709,0,0
1714,0,0
1729,1,1
1730,0,1
1732,0,0
1743,0,1
1749,0,0
1751,0,1
1759,0,1
1760,1,0
1776,0,1
1787,0,0
1811,0,0
1816,0,0
1828,0,0
1829,0,0
1832,1,0
1834,0,0
1844,0,0
1846,0,0
1849,1,0
1866,0,0
1874,0,0
1885,0,0
1891,0,0
1894,0,1
1899,0,0
1900,1,0
1909,1,0
1921,0,0
1922,0,0
1925,0,0
1953,0,0
1956,0,0
1958,0,0
1963,0,0
1974,0,0
1987,0,0
1988,0,0
1989,0,0
1991,0,0
2003,0,0
2008,0,0
2016,0,0
2018,0,0
2022,0,0
2026,0,0
2030,0,0
2037,0,0
2040,1,1
2046,0,0
2047,0,0
2048,0,0
2052,0,0
2054,0,0
2074,0,0
2079,0,0
2103,0,0
2108,1,0
2114,0,0
2116,0,0
2117,0,0
2118,0,0
2134,0,0
2149,0,0
2150,0,0
2153,0,1
2156,0,0
2183,0,0
2195,0,0
2200,0,0
2202,0,0
2211,0,0
2220,0,0
2222,0,0
2223,0,0
2224,0,1
2241,0,0
2254,1,0
2258,0,0
2262,0,0
2265,1,1
2268,1,1
2278,0,0
2294,0,0
2315,0,0
2316,0,0
2339,0,0
2349,0,0
2350,0,0
2351,0,0
2354,0,0
2359,0,0
2368,0,0
2370,0,0
2371,0,0
2381,0,0
2406,0,0
2416,0,0
2447,0,0
2450,0,0
2456,0,1
2462,0,0
2478,0,0
2480,0,0
2484,0,0
2487,0,0
2501,0,0
2502,0,0
2516,0,0
2525,0,0
2532,0,0
2535,0,0
2543,0,0
2556,1,1
2560,0,0
2564,1,1
2570,0,0
2579,0,0
2583,0,0
2592,0,1
2602,0,0
2606,1,0
2607,0,0
2610,0,0
2611,0,0
2616,0,1
2631,0,1
2632,0,0
2642,0,0
2645,0,0
2658,0,0
2671,0,0
2699,0,0
2712,0,0
2713,0,0
2730,0,0
2740,0,0
2744,0,0
2751,0,0
2753,0,0
2754,1,0
2770,0,0
2785,0,0
2787,0,0
2789,0,0
2796,1,0
2805,0,0
2806,0,0
2812,0,0
2815,0,1
2817,0,0
2818,0,0
2824,0,0
2827,0,0
2862,0,0
2868,0,0
2870,0,0
2874,1,1
2879,0,0
2885,0,0
2892,0,0
2893,1,0
2902,0,0
2910,0,0
2911,0,1
2935,0,1
2937,0,0
2946,0,0
2951,0,0
2955,0,0
2961,0,1
2966,0,0
2981,0,0
2983,0,0
 ,0,0
2989,0,0
2991,0,0
2992,0,0
2996,0,0
2999,0,0
3027,0,0
3032,0,0
3033,0,0
3043,0,1
3054,0,0
3068,0,1
3069,0,0
3077,0,0
3092,0,0
3093,0,0
3098,0,0
3100,0,0
3107,0,0
3116,0,0
3117,0,0
3136,0,0
3145,0,0
3148,0,0
3151,0,0
3153,1,1
3160,1,0
3165,0,0
3174,1,1
3175,0,0
3178,0,0
3190,0,0
3194,0,0
3198,0,0
3202,1,1
3214,0,0
3217,0,0
3219,0,1
3221,0,0
3222,0,0
3229,0,0
3230,0,1
3244,0,0
3246,0,0
3253,0,0
3260,0,1
3266,1,1
3270,0,0
3279,0,0
3299,0,0
3301,0,0
3302,0,0
3303,0,0
3304,0,0
3305,0,0
3311,0,1
3316,0,0
3319,0,0
3320,0,0
3330,0,0
3336,0,0
3349,0,0
3360,0,0
3364,0,0
3366,0,0
3372,0,0
3376,0,0
3382,0,0
3420,0,0
3430,0,0
3431,0,0
3433,0,0
3438,0,0
3455,0,0
3478,0,0
3479,0,0
3489,0,1
3492,0,0
3494,0,0
3496,0,0
3497,0,0
3507,0,0
3509,0,0
3536,0,0
3538,0,0
3544,0,1
3549,1,1
3554,0,0
3558,1,1
3566,0,0
3571,0,0
3580,0,0
3581,0,1
3586,0,0
3588,0,0
3595,0,0
3596,0,0
3603,0,0
3613,0,0
3616,0,0
3624,0,0
3634,0,0
3652,0,0
3655,0,1
3657,1,1
3658,0,0
3674,0,0
3682,0,0
3695,0,0
3704,0,0
3705,0,0
3708,0,0
3718,0,0
3719,0,1
3726,0,0
3727,0,0
3728,0,1
3731,0,0
3732,0,0
3735,0,0
3736,1,0
3738,0,0
3743,1,0
3745,1,0
3763,0,0
3770,0,0
3773,0,0
3774,0,0
3777,1,1
3781,0,0
3782,0,0
3783,0,0
3784,0,0
3799,0,0
3809,0,0
3823,0,0
3825,0,1
3829,0,0
3837,0,0
3840,0,0
3853,0,0
3856,0,0
3857,0,0
3865,0,0
3869,0,0
3870,0,0
3878,0,0
3883,0,0
3887,0,1
3889,0,0
3897,0,0
3898,0,0
3902,0,0
3905,0,0
3913,0,0
3925,0,0
3926,0,0
3931,0,0
3932,0,0
3934,0,0
3945,0,0
3947,0,0
3948,0,0
3970,0,0
3978,0,0
3982,0,0
3990,0,0
3993,0,0
3997,0,0
4006,0,0
4018,0,0
4022,0,0
4023,0,0
4024,0,0
4027,0,0
4038,1,0
4042,0,0
4044,0,0
4050,0,0
4061,0,0
4067,0,0
4072,1,0
4081,0,1
4083,0,0
4089,0,0
4095,0,0
4097,0,0
4115,0,0
4116,0,0
4120,0,0
4125,0,0
4133,0,0
4142,0,0
4148,0,0
4157,0,0
4166,0,1
4169,0,0
4171,0,0
4177,0,0
4179,0,0
4187,0,0
4198,0,0
4201,1,1
4218,0,0
4228,0,0
4232,0,1
4241,0,0
4248,0,0
4263,0,0
4273,0,1
4274,0,0
4276,1,0
4281,0,0
4284,0,0
4292,1,1
4293,1,0
4297,0,1
4312,0,0
4314,0,0
4315,0,0
4319,0,1
4321,1,1
4326,1,1
4342,0,0
4343,0,0
4348,0,1
4355,0,0
4357,0,0
4365,0,0
4367,0,0
4372,0,0
4386,0,0
4387,0,1
4388,0,0
4391,0,0
4405,0,0
4410,0,0
4411,0,0
4412,0,0
4414,0,1
4428,0,1
4432,0,0
4438,0,0
4442,0,0
4443,0,0
4455,0,0
4470,0,0
4476,0,0
4477,0,0
4478,0,0
4484,0,0
4488,0,0
4496,0,0
4514,0,0
4515,0,0
4520,0,0
4538,0,0
4539,0,0
4542,0,0
4545,0,0
4548,0,0
4549,0,0
4551,1,1
4554,0,0
4562,0,0
4569,0,0
4580,0,0
4589,0,0
4602,1,1
4603,0,1
4619,0,0
4621,0,0
4624,0,0
4638,0,1
4647,0,0
4651,0,0
4661,0,0
4663,0,0
4665,0,0
4685,0,0
4690,0,0
4692,0,0
4693,0,0
4695,0,1
4700,0,0
4712,0,0
4716,0,0
4729,0,0
4748,0,1
4752,0,0
4755,0,0
4760,0,1
4764,0,1
4779,0,0
4796,0,0
4803,0,0
4810,0,0
4812,0,1
4815,0,0
4847,0,0
4849,0,0
4859,1,1
4866,0,0
4873,0,1
4880,0,0
4888,0,0
4895,0,0
4899,0,0
4907,0,1
4910,0,0
4911,0,0
4912,0,0
4915,0,0
4920,0,0
4944,0,0
4949,0,0
4950,0,1
4960,0,0
4980,0,0
4982,0,0
4983,0,0
4984,0,0
4985,0,0
4992,0,0
5001,0,0
5008,0,0
5011,0,0
5018,0,0
5022,0,0
5023,0,0
5025,0,0
5032,0,0
5033,0,0
5034,0,0
5042,0,0
5045,0,0
5046,0,0
5052,0,0
5053,0,0
5063,0,0
5070,0,0
5071,0,0
5074,0,0
5076,0,0
5077,0,0
5078,0,0
5079,0,0
5082,0,0
5085,0,0
5086,0,0
5087,0,1
5092,0,0
5093,0,0
5100,0,0
5103,0,0
5106,0,0
5114,0,0
5117,0,0
5119,0,0
5133,0,0
5157,0,0
5159,0,0
5161,0,0
5162,0,0
5163,0,0
5189,0,0
5192,0,1
5233,0,0
5236,0,0
5239,0,0
5243,0,0
5244,0,1
5246,0,0
5247,0,0
5249,0,0
5253,0,0
5277,0,0
5280,0,0
5286,0,0
5289,0,1
5291,0,0
5292,1,0
5300,0,0
5306,0,0
5313,0,0
5331,0,0
5336,0,0
5343,0,0
5345,0,0
5346,0,0
5369,0,0
5377,0,0
5390,0,0
5395,1,0
5406,0,0
5412,0,0
5414,0,0
5419,0,1
5424,0,0
5427,1,1
5438,0,0
5444,0,0
5454,0,0
5456,0,1
5463,0,0
5474,0,0
5478,0,0
5479,0,0
5482,0,0
5492,1,0
5493,0,0
5498,1,1
5501,0,0
5504,0,1
5529,0,0
5530,0,0
5539,1,1
5540,0,0
5541,0,0
5547,1,1
5552,0,0
5554,0,0
5559,0,1
5560,0,0
5561,0,0
5565,1,0
5567,0,0
5568,0,0
5580,0,1
5582,1,1
5584,0,0
5604,0,0
5609,0,1
5610,0,0
5615,1,1
5624,0,1
5642,0,0
5646,0,0
5647,0,1
5679,0,0
5681,0,0
5687,0,0
5692,0,0
5705,0,1
5706,0,0
5709,0,0
5710,0,0
5712,0,0
5714,0,0
5715,0,0
5716,0,0
5717,0,0
5720,0,0
5721,0,0
5722,0,0
5724,0,0
5729,0,0
5732,0,0
5736,0,0
5740,0,0
5742,1,1
5750,0,0
5760,0,1
5771,0,0
5775,0,0
5779,0,0
5783,0,0
5791,0,0
5792,1,1
5795,0,0
5796,0,0
5797,0,0
5798,0,0
5802,0,0
5815,0,0
5824,1,0
5830,0,0
5838,0,0
5847,0,0
5860,0,0
5874,0,0
5877,0,0
5878,0,0
5883,0,0
5885,0,0
5897,0,0
5898,0,0
5914,0,0
5927,0,0
5951,0,0
5954,0,0
5964,0,0
5969,1,0
5972,0,0
5989,0,1
5992,0,0
5998,0,1
6001,0,1
6006,0,0
6017,0,0
6033,0,0
6045,0,0
6064,0,0
6079,0,1
6090,0,0
6092,0,0
6100,0,1
6107,1,1
6112,1,1
6124,0,0
6131,0,0
6144,0,0
6146,0,0
6150,0,0
6151,0,0
6161,1,0
6167,0,0
6168,0,1
6178,0,0
6182,0,0
6185,0,0
6188,0,0
6197,0,0
6200,0,0
6202,0,0
6206,0,0
6211,0,0
6212,0,0
6224,1,1
6225,1,1
6230,0,0
6231,0,0
6233,0,1
6247,0,0
6266,0,0
6267,0,0
6273,0,0
6292,0,0
6295,0,1
6296,0,0
6297,0,0
6306,0,1
6320,0,0
6323,0,0
6324,0,0
6330,0,0
6338,0,0
6342,0,0
6356,1,1
6357,0,0
6386,0,0
6396,0,0
6410,0,1
6411,1,0
6414,0,0
6434,1,0
6440,0,0
6443,0,0
6455,0,1
6457,0,1
6471,0,0
6482,0,0
6484,0,0
6496,0,0
6500,0,0
6503,0,1
6511,0,0
6534,0,0
6535,0,0
6543,0,0
6544,0,0
6547,0,0
6553,0,0
6563,0,0
6565,0,0
6566,0,0
6567,0,0
6585,0,0
6595,0,0
6611,0,0
6616,1,0
6624,0,0
6626,1,1
6644,0,0
6652,0,0
6670,0,0
6672,0,0
6685,1,1
6691,0,0
6693,0,0
6708,0,0
6719,0,0
6720,0,0
6730,0,0
6736,1,1
6742,0,0
641,0,0
1813,0,0
2985,0,1
5080,0,0
5476,0,0
(?i)(denial.of.service|\bXXE\b|remote.code.execution|\bopen.redirect|OSVDB|\bvuln|\bCVE\b|\bXSS\b|\bReDoS\b|\bN VD\b|malicious|x−frame−options|attack|cross.site|exploit|directory.traversal|\bRCE\b|\bdos\b|\bXSRF\b|clickjack|session.fixation|hijack|advisory|insecure|security|\bcross−origin\b|unauthori[z|s]ed|infinite.loop)|(?i)(authenticat(e|ion)|brute force|bypass|constant.time|crack|credential|\bDoS\b|expos(e|ing)|hack|harden|injection|lockout|overflow|password|\bPoC\b|proof.of.concept|poison|privelage|\b(in)?secur(e|ity)|(de)?serializ|spoof|timing|traversal)
52.0,814.0,98.0,36.0
0.866,0.3466666666666667,0.5909090909090909
