5,0,1
19,0,1
38,0,0
42,0,0
44,0,0
45,0,0
85,0,1
88,0,0
90,0,0
94,0,1
100,0,0
117,0,0
122,0,0
123,0,0
127,0,0
128,0,0
129,0,1
132,1,1
153,0,0
167,0,0
173,0,1
174,0,1
183,0,0
184,0,0
186,0,1
198,0,0
203,0,1
212,1,1
220,0,1
229,0,0
230,0,0
231,0,1
233,0,0
238,0,0
239,0,1
243,0,0
247,0,0
249,0,0
266,0,0
269,1,1
313,0,0
318,0,0
322,0,0
324,0,0
330,0,1
339,0,0
348,0,0
349,1,1
353,0,0
361,0,1
375,0,0
385,0,0
387,0,0
389,1,1
392,0,1
400,0,0
406,0,0
415,0,0
422,0,0
424,0,0
479,0,1
483,0,1
485,0,0
488,0,1
498,0,1
499,0,0
504,0,0
514,0,0
525,0,1
527,0,0
530,0,0
536,0,0
540,0,0
541,0,0
582,0,1
595,0,1
606,0,0
618,0,0
622,0,0
623,0,0
630,0,0
634,1,1
638,0,1
642,1,1
655,0,1
656,0,0
662,0,1
665,0,0
675,0,1
680,0,1
682,0,0
714,0,1
718,0,0
728,0,0
733,1,1
737,0,0
744,0,0
781,0,1
783,0,0
787,0,1
801,1,0
806,1,1
809,0,0
822,1,1
856,0,1
857,0,1
861,0,0
892,0,1
903,0,1
904,0,1
918,0,1
924,0,0
939,0,1
961,0,1
965,0,0
966,0,0
972,0,0
989,0,1
990,0,0
998,0,0
1007,1,1
1009,0,0
1037,0,0
1045,0,0
1046,0,0
1052,0,0
1055,0,0
1062,0,1
1064,0,0
1072,0,0
1089,0,1
1091,0,1
1101,0,1
1107,0,1
1113,0,0
1127,0,1
1128,0,0
1129,0,0
1132,0,1
1144,1,0
1152,0,0
1154,0,0
1155,0,0
1156,0,1
1157,0,0
1159,0,1
1174,0,0
1187,1,1
1190,0,0
1203,0,0
1216,0,0
1219,1,1
1230,1,1
1231,0,0
1235,0,0
1236,0,1
1248,0,0
1252,0,1
1254,0,1
1255,0,0
1266,0,0
1274,0,0
1276,0,1
1290,0,0
1308,0,0
1313,0,1
1314,0,0
1320,0,0
1322,0,1
1324,0,0
1325,0,0
1327,0,1
1339,0,0
1351,0,0
1355,0,0
1362,0,0
1367,0,0
1376,0,0
1380,0,0
1386,0,0
1416,0,0
1431,0,0
1436,0,0
1444,0,0
1458,0,0
1466,0,1
1470,0,0
1489,0,0
1493,0,1
1496,0,0
1499,0,1
1510,0,1
1521,0,0
1527,0,1
1529,0,0
1538,0,0
1539,0,1
1541,0,0
1545,0,0
1546,0,0
1558,0,0
1574,0,0
1588,0,0
1595,0,0
1597,0,1
1605,0,0
1606,1,0
1607,0,0
1614,1,1
1616,0,0
1619,0,0
1621,0,0
1630,0,0
1643,0,0
1644,0,0
1661,0,0
1675,0,1
1681,0,0
1688,0,1
1691,0,0
1692,0,0
1694,1,0
1695,0,0
1698,0,1
1709,0,0
1714,0,0
1729,0,1
1730,0,0
1732,0,0
1743,0,0
1749,0,0
1751,0,1
1759,1,1
1760,0,0
1776,0,0
1787,0,0
1811,0,1
1816,0,1
1828,0,0
1829,0,0
1832,0,0
1834,0,0
1844,0,0
1846,0,1
1849,0,1
1866,0,1
1874,0,0
1885,0,0
1891,0,0
1894,0,0
1899,0,0
1900,0,0
1909,0,1
1921,0,0
1922,0,0
1925,0,1
1953,0,0
1956,0,1
1958,0,0
1963,0,1
1974,0,0
1987,1,1
1988,0,0
1989,0,0
1991,0,0
2003,0,1
2008,0,1
2016,0,1
2018,0,0
2022,0,0
2026,0,1
2030,0,0
2037,0,1
2040,0,0
2046,1,1
2047,0,0
2048,0,1
2052,0,1
2054,0,0
2074,0,1
2079,0,0
2103,0,0
2108,0,0
2114,1,0
2116,0,0
2117,0,1
2118,1,1
2134,0,1
2149,1,0
2150,1,0
2153,0,0
2156,0,1
2183,0,1
2195,0,0
2200,0,1
2202,0,0
2211,0,0
2220,1,0
2222,0,0
2223,0,0
2224,0,0
2241,0,0
2254,0,1
2258,0,1
2262,0,0
2265,0,1
2268,0,0
2278,1,0
2294,0,0
2315,0,0
2316,0,1
2339,0,1
2349,0,1
2350,0,0
2351,0,0
2354,1,0
2359,0,0
2368,0,0
2370,0,0
2371,0,1
2381,0,1
2406,0,1
2416,0,1
2447,0,0
2450,0,0
2456,0,0
2462,0,1
2478,0,0
2480,1,1
2484,0,0
2487,0,0
2501,0,1
2502,0,0
2516,0,1
2525,0,0
2532,0,0
2535,0,1
2543,0,1
2556,0,1
2560,0,0
2564,0,1
2570,0,1
2579,0,0
2583,0,1
2592,0,0
2602,0,0
2606,0,0
2607,0,1
2610,0,0
2611,0,1
2616,0,1
2631,0,1
2632,0,1
2642,0,0
2645,0,0
2658,0,0
2671,0,1
2699,1,1
2712,0,1
2713,1,1
2730,0,1
2740,0,0
2744,0,0
2751,0,0
2753,0,1
2754,0,0
2770,0,0
2785,0,0
2787,0,0
2789,0,1
2796,0,0
2805,0,1
2806,0,1
2812,0,0
2815,0,0
2817,0,0
2818,0,1
2824,0,1
2827,0,1
2862,0,0
2868,0,0
2870,0,0
2874,0,0
2879,0,0
2885,1,1
2892,0,0
2893,0,0
2902,0,1
2910,0,0
2911,1,1
2935,0,1
2937,0,0
2946,0,0
2951,0,0
2955,0,1
2961,0,0
2966,0,0
2981,0,0
2983,0,0
 ,1,1
2989,0,0
2991,0,0
2992,0,0
2996,0,1
2999,0,0
3027,0,0
3032,0,1
3033,0,0
3043,0,1
3054,0,0
3068,0,1
3069,0,1
3077,0,0
3092,1,1
3093,0,1
3098,0,1
3100,0,0
3107,1,1
3116,0,1
3117,0,0
3136,1,1
3145,0,0
3148,0,0
3151,0,1
3153,0,1
3160,0,0
3165,0,0
3174,0,0
3175,0,0
3178,0,1
3190,0,1
3194,0,1
3198,1,1
3202,0,0
3214,1,0
3217,0,0
3219,0,1
3221,0,0
3222,0,0
3229,0,0
3230,0,1
3244,0,0
3246,0,1
3253,0,1
3260,0,1
3266,0,1
3270,0,1
3279,0,0
3299,0,1
3301,0,0
3302,0,0
3303,0,0
3304,0,0
3305,0,1
3311,0,1
3316,1,1
3319,1,1
3320,0,0
3330,0,0
3336,0,1
3349,0,0
3360,0,1
3364,0,1
3366,0,0
3372,0,1
3376,0,1
3382,1,0
3420,0,1
3430,0,0
3431,0,0
3433,0,0
3438,0,1
3455,0,0
3478,0,0
3479,0,0
3489,0,0
3492,0,1
3494,0,0
3496,0,1
3497,1,0
3507,0,0
3509,0,0
3536,0,1
3538,0,1
3544,1,0
3549,0,0
3554,0,1
3558,0,0
3566,0,0
3571,1,1
3580,0,0
3581,0,1
3586,0,1
3588,0,1
3595,0,1
3596,1,0
3603,0,0
3613,0,0
3616,0,0
3624,0,0
3634,0,0
3652,0,0
3655,0,0
3657,0,1
3658,0,0
3674,0,0
3682,0,0
3695,0,1
3704,0,0
3705,0,1
3708,0,0
3718,0,0
3719,0,0
3726,0,1
3727,0,0
3728,0,0
3731,1,1
3732,0,1
3735,0,1
3736,0,1
3738,0,0
3743,0,0
3745,0,1
3763,0,0
3770,0,1
3773,0,1
3774,0,0
3777,0,0
3781,0,1
3782,0,0
3783,0,0
3784,0,1
3799,0,1
3809,0,0
3823,1,0
3825,1,1
3829,0,0
3837,0,1
3840,0,1
3853,0,1
3856,0,1
3857,0,0
3865,0,0
3869,1,0
3870,0,1
3878,1,1
3883,1,1
3887,0,1
3889,0,0
3897,0,1
3898,0,0
3902,0,1
3905,0,0
3913,0,1
3925,0,0
3926,0,0
3931,0,1
3932,0,0
3934,1,1
3945,0,0
3947,0,1
3948,0,0
3970,0,0
3978,0,1
3982,0,1
3990,0,0
3993,0,0
3997,0,0
4006,0,0
4018,0,1
4022,0,0
4023,1,1
4024,0,0
4027,0,1
4038,0,0
4042,0,0
4044,0,0
4050,0,0
4061,0,1
4067,0,0
4072,0,0
4081,0,1
4083,0,1
4089,0,1
4095,0,0
4097,0,0
4115,0,1
4116,0,0
4120,0,0
4125,1,1
4133,0,1
4142,0,0
4148,0,1
4157,0,0
4166,0,0
4169,0,1
4171,0,1
4177,0,1
4179,0,0
4187,0,0
4198,0,1
4201,0,0
4218,0,0
4228,0,1
4232,0,1
4241,1,1
4248,0,0
4263,0,0
4273,0,1
4274,0,1
4276,0,1
4281,0,1
4284,0,0
4292,0,1
4293,0,0
4297,0,1
4312,0,1
4314,1,0
4315,0,0
4319,1,0
4321,0,1
4326,1,0
4342,0,0
4343,0,1
4348,0,0
4355,0,0
4357,1,0
4365,0,0
4367,0,0
4372,0,0
4386,0,0
4387,0,0
4388,0,0
4391,0,0
4405,1,1
4410,0,0
4411,0,0
4412,0,1
4414,0,1
4428,0,1
4432,1,1
4438,0,0
4442,0,0
4443,0,0
4455,0,1
4470,0,0
4476,0,1
4477,0,1
4478,1,1
4484,0,0
4488,0,0
4496,0,0
4514,0,0
4515,0,0
4520,0,1
4538,1,1
4539,0,0
4542,0,0
4545,0,0
4548,0,0
4549,0,1
4551,0,1
4554,0,0
4562,0,0
4569,0,0
4580,0,0
4589,0,1
4602,0,1
4603,0,1
4619,0,0
4621,0,1
4624,0,1
4638,0,0
4647,0,1
4651,0,0
4661,1,1
4663,0,1
4665,0,0
4685,0,1
4690,0,1
4692,0,0
4693,0,0
4695,0,0
4700,0,0
4712,0,0
4716,0,0
4729,0,0
4748,0,0
4752,0,0
4755,0,0
4760,0,0
4764,0,1
4779,0,1
4796,0,0
4803,0,0
4810,0,1
4812,0,0
4815,0,0
4847,0,0
4849,0,0
4859,1,1
4866,0,0
4873,0,0
4880,0,1
4888,0,1
4895,1,1
4899,0,0
4907,0,0
4910,0,0
4911,0,0
4912,0,0
4915,0,1
4920,1,1
4944,0,1
4949,0,1
4950,0,1
4960,0,1
4980,0,0
4982,0,1
4983,0,1
4984,0,1
4985,0,1
4992,0,1
5001,0,0
5008,0,0
5011,0,0
5018,0,1
5022,0,1
5023,0,0
5025,0,0
5032,0,1
5033,1,1
5034,0,0
5042,0,1
5045,0,0
5046,0,0
5052,0,0
5053,0,0
5063,0,0
5070,0,0
5071,1,0
5074,0,1
5076,0,0
5077,0,1
5078,0,0
5079,0,0
5082,0,0
5085,0,0
5086,0,1
5087,0,1
5092,1,0
5093,1,0
5100,0,0
5103,0,0
5106,0,0
5114,0,0
5117,0,1
5119,0,0
5133,0,0
5157,0,0
5159,0,1
5161,0,1
5162,0,0
5163,0,0
5189,0,1
5192,1,0
5233,0,0
5236,0,1
5239,0,0
5243,0,1
5244,0,0
5246,0,1
5247,0,0
5249,0,0
5253,0,0
5277,0,1
5280,0,1
5286,0,0
5289,0,0
5291,0,1
5292,0,0
5300,0,1
5306,0,0
5313,0,0
5331,0,1
5336,1,0
5343,0,1
5345,0,0
5346,0,0
5369,1,0
5377,0,0
5390,0,0
5395,0,0
5406,0,0
5412,1,1
5414,0,0
5419,1,0
5424,0,0
5427,0,0
5438,0,0
5444,0,0
5454,0,0
5456,0,0
5463,0,1
5474,1,1
5478,1,1
5479,0,1
5482,0,1
5492,0,0
5493,0,1
5498,0,0
5501,0,0
5504,0,1
5529,0,0
5530,0,0
5539,0,1
5540,0,1
5541,0,1
5547,0,0
5552,1,1
5554,0,0
5559,0,0
5560,1,1
5561,0,1
5565,0,0
5567,0,0
5568,0,0
5580,0,1
5582,0,0
5584,0,0
5604,0,0
5609,0,0
5610,0,1
5615,0,0
5624,1,1
5642,1,0
5646,0,0
5647,0,1
5679,0,0
5681,0,1
5687,0,0
5692,0,1
5705,1,0
5706,0,0
5709,0,0
5710,0,1
5712,1,0
5714,1,0
5715,1,0
5716,0,0
5717,0,0
5720,0,1
5721,0,1
5722,0,1
5724,1,0
5729,1,0
5732,1,0
5736,1,1
5740,0,0
5742,0,1
5750,0,1
5760,0,1
5771,0,0
5775,0,1
5779,0,0
5783,0,0
5791,0,1
5792,0,0
5795,0,0
5796,0,1
5797,0,0
5798,0,0
5802,0,0
5815,0,0
5824,0,0
5830,0,0
5838,0,1
5847,0,0
5860,0,0
5874,0,0
5877,0,1
5878,0,0
5883,0,1
5885,0,0
5897,1,1
5898,0,0
5914,0,1
5927,0,0
5951,0,1
5954,0,1
5964,0,0
5969,0,0
5972,0,0
5989,0,1
5992,0,0
5998,0,0
6001,0,1
6006,0,1
6017,0,1
6033,0,0
6045,1,1
6064,0,0
6079,0,0
6090,0,0
6092,0,0
6100,0,0
6107,0,0
6112,1,0
6124,0,0
6131,0,0
6144,0,1
6146,0,0
6150,1,1
6151,0,1
6161,0,0
6167,0,1
6168,0,0
6178,0,1
6182,0,0
6185,0,0
6188,0,0
6197,0,0
6200,0,0
6202,0,0
6206,0,0
6211,0,1
6212,0,1
6224,0,1
6225,0,0
6230,1,1
6231,0,1
6233,0,1
6247,0,0
6266,0,0
6267,1,0
6273,0,1
6292,0,1
6295,0,0
6296,0,0
6297,0,0
6306,0,0
6320,0,0
6323,0,0
6324,0,1
6330,0,0
6338,0,0
6342,0,0
6356,0,0
6357,0,1
6386,0,0
6396,0,1
6410,0,0
6411,0,0
6414,0,1
6434,0,0
6440,1,1
6443,0,1
6455,1,1
6457,1,0
6471,0,0
6482,0,0
6484,0,1
6496,0,1
6500,0,0
6503,0,0
6511,0,1
6534,0,1
6535,0,1
6543,0,0
6544,0,0
6547,0,0
6553,0,1
6563,0,0
6565,0,1
6566,0,0
6567,0,0
6585,0,0
6595,0,1
6611,0,0
6616,0,1
6624,0,0
6626,0,0
6644,0,0
6652,0,1
6670,0,1
6672,0,0
6685,0,1
6691,0,1
6693,0,1
6708,0,1
6719,0,0
6720,0,1
6730,0,1
6736,0,0
6742,0,1
641,0,0
1813,0,0
2985,0,0
5080,0,1
5476,0,0
(?i)(seconds|minutes|long|flood|\bCPU\b|\bmemory\b|\bdisk\b|\bperf\b|\bperformance\b|\bslow(ing)?\b|respons|\b(times?)\b|speed|utiliz(e|ing)|call|\bRAM\b|\optimize\b)
62.0,561.0,338.0,39.0
0.623,0.155,0.6138613861386139
0.37597357959159156,0.6138591315023465
